100
3 0
3 778
390 778
390 1794
806 1794
806 1387
1142 1387
1142 650
1635 650
1635 363
2057 363
2057 691
2085 691
2085 1764
2145 1764
2145 541
2572 541
2572 1173
2999 1173
2999 1212
3236 1212
3236 568
3605 568
3605 1783
4035 1783
4035 863
4066 863
4066 68
4190 68
4190 1930
4326 1930
4326 23
4629 23
4629 1070
4688 1070
4688 1394
4856 1394
4856 1012
5313 1012
5313 230
5356 230
5356 422
5730 422
5730 1785
6150 1785
6150 1199
6188 1199
6188 316
6513 316
6513 414
6884 414
6884 92
6911 92
6911 1957
7392 1957
7392 863
7766 863
7766 997
7937 997
7937 306
8219 306
8219 1085
8645 1085
8645 337
8973 337
8973 847
8979 847
8979 1314
9209 1314
9209 125
9567 125
9567 1583
9963 1583
9963 815
10009 815
10009 1435
10377 1435
10377 44
10742 44
10742 1088
10993 1088
10993 1277
11302 1277
11302 1789
11481 1789
11481 1404
11566 1404
11566 755
11718 755
11718 1933
12118 1933
12118 1677
12179 1677
12179 1740
12548 1740
12548 227
12561 227
12561 95
12648 95
12648 0

